0.00
11.64
41.49
14.14
10.88
12.10
15.84
20.30
16.57
13.30
12.11
27.33
31.16
41.28
49.50
49.48
42.71
23.88
25.50
23.57
24.68
26.47
37.78
37.09
29.83
28.95
29.09
23.11
30.87
21.75
0.00
37.36
10.06
5.01
7.12
10.42
17.05
7.49
7.53
6.01
20.08
25.33
35.70
45.46
43.63
39.46
20.14
20.10
18.93
19.57
21.49
32.79
31.90
24.61
23.88
23.57
17.60
25.81
17.86
0.00
39.68
36.31
37.69
39.50
35.93
41.85
43.30
41.30
48.09
50.89
48.77
50.40
46.60
26.37
27.32
21.95
27.46
24.14
23.62
13.54
12.44
20.49
21.41
19.34
25.72
17.96
30.01
0.00
9.14
11.96
17.08
19.88
15.45
13.05
10.78
28.10
31.85
42.59
49.73
49.47
43.49
24.14
24.13
23.82
24.77
25.84
32.79
31.70
27.63
27.92
27.97
23.76
28.73
21.89
0.00
9.99
13.25
17.82
11.05
8.58
6.17
22.52
27.15
37.59
46.40
46.11
40.63
21.34
22.81
20.81
21.96
23.77
35.56
34.33
26.90
26.06
26.31
20.29
28.16
19.32
0.00
8.92
13.66
9.58
11.58
9.68
22.01
27.14
37.11
47.34
45.27
36.98
17.27
19.16
17.10
18.27
20.11
32.12
31.29
23.78
22.39
22.91
16.53
24.55
15.29
0.00
10.93
11.33
13.57
11.38
23.91
28.71
37.60
49.91
47.24
33.66
14.21
14.30
13.15
13.74
15.86
27.06
26.11
18.88
18.16
17.85
11.94
19.88
12.06
0.00
14.09
15.70
13.56
20.12
23.96
33.23
43.65
41.89
32.67
13.94
15.47
13.19
14.57
15.37
28.57
28.06
20.75
18.14
19.07
13.89
21.30
12.90
0.00
12.05
10.82
18.34
22.73
31.61
43.20
41.55
37.37
20.98
19.90
18.92
19.67
21.46
33.19
32.14
24.30
23.54
23.70
17.61
25.76
17.87
0.00
7.82
17.52
22.54
32.71
41.73
41.96
40.04
25.44
25.09
24.46
24.66
26.44
38.00
36.22
29.19
28.91
28.47
22.49
30.47
22.95
0.00
20.79
24.38
35.50
44.89
44.51
39.13
21.55
21.39
20.13
20.87
22.74
34.13
33.37
25.94
24.95
24.76
18.94
26.92
19.44
0.00
10.50
19.44
29.12
26.98
32.03
25.73
25.00
24.10
23.96
24.24
35.56
34.72
29.78
27.10
27.97
26.15
30.51
26.45
0.00
14.21
20.86
21.82
28.42
33.44
35.82
33.63
34.80
35.66
43.71
44.58
37.92
37.15
37.82
34.92
37.44
35.69
0.00
15.52
10.58
16.15
32.61
33.93
33.06
33.50
34.08
38.86
38.61
37.65
34.59
33.94
34.92
36.25
36.12
2.04
8.52
15.85
35.53
35.15
37.16
35.75
35.37
40.16
38.67
39.09
34.56
33.73
38.80
37.24
40.71
0.34
10.39
29.79
29.48
32.03
30.48
29.35
34.81
33.99
33.27
28.33
28.22
33.04
31.19
35.27
0.00
23.53
22.80
25.33
23.50
22.83
29.26
28.16
26.60
21.62
21.18
26.08
24.27
28.64
0.00
9.86
5.99
5.75
8.93
23.89
23.11
14.12
10.43
11.32
6.97
14.17
6.98
0.00
7.59
7.64
4.83
16.60
16.22
9.11
7.27
5.08
7.67
7.45
11.45
0.00
4.78
7.01
20.24
19.83
11.29
9.58
9.73
4.15
11.76
8.83
0.00
4.86
20.77
20.00
11.06
6.63
7.98
3.74
11.28
7.97
0.35
17.43
16.82
8.02
4.38
5.82
5.95
8.22
9.75
0.00
5.33
14.72
19.44
16.91
20.50
12.08
24.15
0.00
14.80
18.77
17.07
20.66
12.99
23.73
0.05
11.07
10.23
11.47
3.26
14.84
0.00
2.68
10.43
10.06
14.44
0.00
8.88
8.64
13.31
0.00
12.57
6.42
0.00
15.51
0.00